Module
bk1 0 0 336 133
bk10a 0 0 378 119
bk10b 0 0 161 140
bk10c 0 0 119 49
bk11 0 0 175 119
bk12 0 0 140 406
bk13 0 0 140 497
bk14a 0 0 196 119
bk14b 0 0 294 119
bk14c 0 0 161 119
bk15a 0 0 119 266
bk15b 0 0 119 336
bk16 0 0 119 126
bk17a 0 0 371 182
bk17b 0 0 182 203
bk18 0 0 182 203
bk19 0 0 84 119
bk2 0 0 133 294
bk20 0 0 182 350
bk21 0 0 315 140
bk3 0 0 133 315
bk4 0 0 560 133
bk5a 0 0 133 140
bk5b 0 0 175 133
bk5c 0 0 133 231
bk6 0 0 133 315
bk7 0 0 182 98
bk8a 0 0 210 210
bk8b 0 0 126 378
bk9a 0 0 182 119
bk9b 0 0 119 119
bk9c 0 0 357 119
bk9d 0 0 119 84
VSS 1281 1463 0 0
VDD 1687 0 0 0
P9 266 0 0 0
P8 168 0 0 0
P7 924 0 0 0
P6 826 0 0 0
P5 721 0 0 0
P4 1022 0 0 0
P37 945 1463 0 0
P36 714 1463 0 0
POW 350 1463 0 0
P35 0 483 0 0
P34 0 343 0 0
P33 0 196 0 0
P32 0 623 0 0
P31 0 1225 0 0
P30 518 1463 0 0
P3 1176 1463 0 0
P29 616 1463 0 0
P28 1484 0 0 0
P27 336 1463 0 0
P26 1267 0 0 0
P25 553 0 0 0
P24 2058 168 0 0
P23 2058 861 0 0
P22 2058 728 0 0
P21 1400 1463 0 0
P20 1645 1463 0 0
P2 1127 0 0 0
P19 2058 1421 0 0
P18 2058 1365 0 0
P17 2058 1106 0 0
GND 2058 140 0 0
P16 0 763 0 0
P15 0 994 0 0
P14 2058 343 0 0
P13 2058 602 0 0
P12 2058 476 0 0
P11 455 0 0 0
P10 364 0 0 0
Net
65 0 1 2 3 4 5 6 7 8 9 10 11 12 13 14 15 16 17 18 19 20 21 22 23 24 25 26 27 28 29 30 31 32 
0 1 2 3 4 5 6 7 8 9 10 11 12 13 14 15 17 18 19 20 21 22 23 24 25 26 29 30 31 32 
0 1 2 3 4 5 6 8 13 14 15 17 18 19 20 21 22 23 24 25 26 29 30 31 32 
0 1 2 3 4 5 6 7 8 9 10 11 13 14 15 17 18 19 20 21 22 23 24 25 26 29 30 31 32 
0 1 2 3 4 5 6 8 13 14 15 17 18 19 20 21 22 23 24 25 26 29 30 31 32 
31 32 
43 0 1 2 3 4 5 6 7 8 9 10 11 12 13 14 15 16 17 18 19 20 21 22 23 24 25 26 27 28 29 30 31 32 
1 32 
30 32 
49 31 
53 31 
2 4 5 8 18 30 31 
29 31 
30 31 
1 30 
1 2 30 
3 29 
27 28 
27 28 
27 28 
27 28 
27 28 
27 28 
27 28 
12 16 28 
12 16 28 
16 28 
16 28 
16 28 
16 28 
27 28 
27 28 
27 28 
27 28 
27 28 
27 28 
27 28 
12 18 27 
12 27 
12 27 
12 27 
12 27 
12 27 
12 27 
11 12 27 
33 26 
34 26 
57 26 
58 26 
14 26 
59 25 
60 25 
62 25 
63 25 
64 25 
24 25 
24 25 
23 24 25 
23 24 25 
20 21 25 
21 25 
20 24 
22 23 
17 22 23 
0 23 
22 23 
0 23 
0 23 
17 22 
21 22 
68 21 
69 21 
70 21 
14 21 
20 21 
66 20 
67 20 
10 20 
50 19 
56 18 
14 15 18 
13 18 
13 18 
13 18 
13 15 18 
13 18 
13 14 15 18 
52 17 
44 16 
45 16 
46 16 
47 16 
41 15 
42 15 
13 15 
13 15 
12 14 
9 12 
8 12 
8 12 
35 11 
36 11 
55 11 
71 11 
72 11 
10 11 
9 11 
37 10 
38 10 
39 10 
7 10 
8 9 
8 9 
7 8 
40 6 
54 6 
61 6 
48 4 
2 3 
1 3 
1 2 
